
[{'Individuals': [[0.0, 0.1, 0.2, 0.1, 0.0, 0.0, 0.5, 0.3], [0.0, 0.3, 0.3, 0.6, 0.9, 0.1, 0.1, 0.2], [0.3, 0.4, 0.1, 0.2, 0.0, 1.0, 0.1, 0.8], [0.9, 0.3, 0.0, 0.2, 0.2, 0.8, 0.2, 0.6], [1.0, 0.1, 0.0, 0.7, 0.3, 0.3, 0.9, 0.3], [0.9, 0.2, 0.1, 0.0, 0.7, 0.4, 0.7, 0.7], [0.9, 0.3, 0.1, 0.9, 0.0, 0.5, 0.3, 0.7], [0.5, 0.1, 0.7, 0.7, 0.3, 0.2, 0.4, 0.9], [0.1, 0.1, 0.5, 0.6, 0.7, 1.0, 0.7, 0.1], [0.8, 0.8, 0.3, 0.1, 0.5, 0.8, 0.1, 0.5], [0.5, 0.4, 0.8, 0.3, 0.7, 0.7, 0.5, 0.0], [0.1, 0.5, 0.8, 0.8, 0.4, 0.9, 0.3, 0.4], [0.5, 0.2, 0.5, 0.4, 0.6, 0.7, 0.8, 0.6], [0.5, 0.3, 1.0, 0.2, 0.5, 0.7, 0.2, 1.0], [0.3, 0.4, 0.9, 0.9, 0.6, 0.1, 0.3, 1.0], [0.4, 0.9, 0.7, 0.0, 1.0, 0.4, 0.8, 0.5], [0.2, 0.2, 1.0, 0.6, 0.7, 0.6, 0.5, 0.9], [0.9, 0.1, 0.7, 0.6, 0.5, 0.6, 0.7, 0.7], [1.0, 0.9, 0.1, 1.0, 0.5, 0.9, 0.6, 0.1], [0.9, 0.5, 0.8, 0.9, 1.0, 0.4, 0.6, 0.6]], 'Fitness': [1.2, 2.5000000000000004, 2.9000000000000004, 3.2, 3.5999999999999996, 3.7, 3.7, 3.8, 3.8000000000000003, 3.9, 3.9000000000000004, 4.2, 4.3, 4.4, 4.5, 4.7, 4.7, 4.8, 5.1, 5.699999999999999]}]

{'Individuals': [[0.2, 0.4, 0.7, 0.0, 1.0, 0.4, 0.3, 1.0], [0.0, 0.8, 0.1, 1.0, 0.5, 0.9, 0.6, 0.1], [0.4, 0.6, 0.1, 1.0, 0.5, 0.9, 0.6, 0.1], [0.9, 0.2, 0.1, 1.0, 0.5, 0.9, 0.6, 0.1], [0.8, 0.1, 0.7, 0.0, 1.0, 0.4, 0.8, 0.5], [0.4, 0.2, 0.7, 0.6, 0.5, 0.6, 0.7, 0.7], [1.0, 0.0, 0.7, 0.0, 1.0, 0.4, 0.8, 0.5], [0.9, 0.7, 0.8, 0.3, 0.7, 0.7, 0.5, 0.0], [0.1, 0.7, 0.7, 0.6, 0.5, 0.6, 0.5, 0.9], [0.2, 0.7, 0.9, 0.9, 0.6, 0.1, 0.3, 1.0], [0.9, 0.1, 0.1, 1.0, 0.5, 0.9, 0.6, 0.6], [0.5, 0.8, 0.9, 0.0, 1.0, 0.4, 0.8, 0.5], [0.1, 1.0, 0.7, 0.6, 0.7, 0.6, 0.5, 0.9], [0.8, 0.8, 0.8, 0.8, 0.4, 0.9, 0.3, 0.4], [0.7, 0.4, 1.0, 0.6, 0.5, 0.6, 0.7, 0.7], [0.2, 0.7, 1.0, 0.6, 0.7, 0.6, 0.5, 0.9], [1.0, 0.7, 0.5, 0.4, 0.6, 0.7, 0.8, 0.6], [0.5, 0.9, 0.1, 1.0, 0.5, 0.9, 0.7, 0.7], [0.8, 0.9, 1.0, 0.2, 0.5, 0.7, 0.2, 1.0], [0.9, 0.5, 0.8, 0.9, 1.0, 0.4, 0.6, 0.6]], 'Fitness': [3.9999999999999996, 4.0, 4.199999999999999, 4.3, 4.3, 4.4, 4.4, 4.6000000000000005, 4.6000000000000005, 4.699999999999999, 4.699999999999999, 4.9, 5.1, 5.2, 5.2, 5.200000000000001, 5.3, 5.3, 5.300000000000001, 5.699999999999999]}

{'Individuals': [[0.1, 0.3, 1.0, 0.2, 0.5, 0.7, 0.2, 0.6], [0.4, 0.3, 1.0, 0.2, 0.5, 0.7, 0.2, 1.0], [0.0, 0.2, 1.0, 0.6, 0.5, 0.6, 0.7, 0.7], [0.5, 0.2, 0.9, 0.0, 1.0, 0.4, 0.8, 0.5], [0.5, 0.1, 0.1, 1.0, 0.6, 0.7, 0.8, 0.6], [0.0, 0.5, 0.1, 1.0, 0.5, 0.9, 0.7, 0.7], [0.9, 0.0, 0.5, 0.4, 0.6, 0.7, 0.8, 0.6], [0.4, 0.1, 0.7, 0.6, 0.7, 0.6, 0.5, 0.9], [0.2, 0.9, 1.0, 0.2, 0.5, 0.7, 0.2, 1.0], [0.6, 0.8, 0.8, 0.8, 0.4, 0.9, 0.3, 0.4], [0.3, 0.4, 0.5, 1.0, 0.5, 0.9, 0.7, 0.7], [0.8, 0.8, 0.1, 1.0, 0.5, 0.9, 0.6, 0.6], [0.9, 0.6, 1.0, 0.2, 0.5, 0.7, 0.7, 0.7], [0.4, 0.6, 1.0, 0.6, 0.7, 0.6, 0.5, 0.9], [0.7, 0.4, 1.0, 0.6, 0.7, 0.6, 0.5, 0.9], [0.9, 0.4, 1.0, 0.6, 0.7, 0.7, 0.8, 0.6], [0.9, 0.5, 0.8, 0.9, 1.0, 0.4, 0.6, 0.6], [0.9, 0.5, 1.0, 0.6, 0.7, 0.6, 0.5, 0.9], [0.7, 0.5, 0.8, 0.9, 1.0, 0.7, 0.2, 1.0], [1.0, 0.8, 1.0, 0.6, 0.7, 0.6, 0.5, 0.7]], 'Fitness': [3.6, 4.3, 4.3, 4.3, 4.3999999999999995, 4.4, 4.499999999999999, 4.5, 4.7, 5.0, 5.0, 5.3, 5.300000000000001, 5.300000000000001, 5.4, 5.699999999999999, 5.699999999999999, 5.7, 5.8, 5.8999999999999995]}

{'Individuals': [[0.4, 0.1, 1.0, 0.2, 0.5, 0.7, 0.7, 0.7], [0.2, 0.1, 1.0, 0.6, 0.7, 0.6, 0.5, 0.9], [0.3, 0.3, 0.8, 0.9, 1.0, 0.4, 0.6, 0.6], [0.2, 0.1, 0.8, 0.9, 1.0, 0.7, 0.2, 1.0], [0.4, 0.3, 1.0, 0.6, 0.7, 0.6, 0.5, 0.9], [0.5, 0.2, 0.5, 1.0, 0.5, 0.9, 0.7, 0.7], [0.3, 0.4, 0.8, 0.9, 1.0, 0.7, 0.2, 0.7], [0.7, 0.1, 1.0, 0.6, 0.7, 0.6, 0.5, 0.9], [0.3, 0.4, 1.0, 0.6, 0.7, 0.6, 0.5, 1.0], [1.0, 0.1, 1.0, 0.6, 0.7, 0.6, 0.5, 0.6], [0.7, 0.8, 0.1, 1.0, 0.5, 0.9, 0.6, 0.6], [0.5, 0.6, 1.0, 0.6, 0.7, 0.7, 0.6, 0.6], [0.2, 0.9, 1.0, 0.6, 0.7, 0.6, 0.5, 0.9], [0.7, 0.5, 1.0, 0.6, 0.7, 0.6, 0.5, 0.9], [1.0, 0.3, 0.8, 0.9, 1.0, 0.4, 0.6, 0.6], [1.0, 0.2, 1.0, 0.6, 0.7, 0.7, 0.8, 0.6], [0.6, 0.2, 0.8, 0.9, 1.0, 0.7, 0.8, 0.6], [0.4, 0.8, 1.0, 0.6, 1.0, 0.7, 0.2, 1.0], [1.0, 0.8, 1.0, 0.6, 0.7, 0.6, 0.5, 0.7], [0.9, 1.0, 0.8, 0.9, 0.7, 0.6, 0.5, 0.9]], 'Fitness': [4.300000000000001, 4.6, 4.8999999999999995, 4.9, 5.0, 5.0, 5.0, 5.1, 5.1, 5.1, 5.199999999999999, 5.3, 5.4, 5.5, 5.6, 5.6, 5.6, 5.7, 5.8999999999999995, 6.3]}

[{'Individuals': [[0.1, 0.1, 0.0, 0.2, 0.1, 0.0, 0.8, 0.6], [0.8, 0.3, 0.4, 0.0, 0.6, 0.4, 0.1, 0.2], [0.3, 0.1, 0.9, 0.5, 0.1, 0.1, 0.5, 0.5], [0.2, 0.9, 0.1, 0.2, 0.5, 0.1, 0.5, 0.6], [0.9, 0.1, 0.0, 0.6, 0.9, 0.2, 0.3, 0.5], [0.5, 0.4, 0.8, 0.2, 0.8, 0.4, 0.6, 0.0], [1.0, 0.5, 0.5, 0.1, 0.7, 0.0, 0.7, 0.3], [0.4, 0.5, 0.2, 0.5, 0.6, 0.5, 0.4, 0.8], [0.9, 0.0, 0.3, 0.3, 0.8, 0.9, 0.4, 0.4], [0.9, 0.7, 0.8, 0.5, 0.3, 0.3, 0.4, 0.1], [0.5, 0.9, 0.1, 0.1, 0.6, 0.9, 0.2, 0.8], [0.8, 0.6, 0.5, 0.0, 0.8, 0.3, 0.6, 0.8], [0.6, 0.5, 1.0, 0.6, 0.3, 0.4, 0.5, 0.5], [0.4, 0.5, 0.7, 1.0, 0.9, 0.1, 0.6, 0.2], [0.2, 0.8, 0.0, 0.4, 0.9, 0.4, 1.0, 0.8], [0.3, 0.3, 0.1, 0.7, 0.7, 0.8, 0.8, 1.0], [0.6, 0.1, 0.7, 0.7, 0.6, 0.7, 0.9, 0.8], [0.9, 0.9, 0.4, 0.3, 1.0, 0.2, 0.7, 0.9], [0.2, 0.7, 1.0, 0.9, 0.6, 0.9, 0.5, 0.9], [0.8, 1.0, 0.9, 0.5, 0.5, 0.9, 0.9, 0.7]], 'Fitness': [1.9, 2.8000000000000003, 3.0, 3.1, 3.5, 3.7, 3.8, 3.9000000000000004, 3.9999999999999996, 4.0, 4.1000000000000005, 4.4, 4.4, 4.4, 4.5, 4.699999999999999, 5.1, 5.300000000000001, 5.7, 6.200000000000001]}]

[{'Individuals': [[0.2, 0.6, 0.6, 0.2, 0.8, 0.4, 0.1, 0.0], [0.3, 0.8, 0.8, 0.6, 0.1, 0.2, 0.0, 0.2], [0.9, 0.4, 0.1, 0.3, 0.3, 0.7, 0.5, 0.1], [0.8, 0.7, 0.2, 0.4, 0.5, 0.6, 0.1, 0.2], [0.2, 0.7, 0.4, 0.4, 0.4, 0.6, 0.6, 0.4], [0.9, 0.3, 0.4, 0.6, 0.9, 0.1, 0.0, 0.5], [0.2, 0.9, 0.6, 0.6, 0.3, 0.2, 1.0, 0.0], [0.3, 0.2, 0.5, 0.6, 0.4, 0.5, 0.6, 0.8], [0.2, 0.2, 0.5, 0.5, 0.1, 0.8, 0.7, 1.0], [0.5, 0.9, 1.0, 0.8, 0.3, 0.0, 0.5, 0.0], [0.9, 0.3, 0.1, 0.6, 0.9, 0.1, 0.5, 0.7], [0.3, 0.4, 0.1, 0.8, 0.4, 0.8, 0.7, 0.7], [0.9, 0.9, 0.6, 0.6, 0.6, 0.3, 0.4, 0.0], [1.0, 0.1, 0.5, 1.0, 0.8, 0.5, 0.3, 0.1], [0.6, 0.6, 0.9, 0.6, 0.1, 0.2, 0.7, 0.7], [0.1, 0.3, 0.8, 0.7, 0.3, 0.8, 0.7, 0.9], [0.6, 0.9, 0.6, 0.5, 0.8, 0.7, 0.0, 0.5], [0.2, 0.7, 0.4, 0.4, 0.9, 0.6, 0.9, 0.8], [0.9, 0.1, 0.8, 0.8, 0.4, 0.9, 0.6, 0.4], [1.0, 0.5, 0.6, 0.9, 0.9, 0.8, 0.2, 0.0]], 'Fitness': [2.9, 3.0000000000000004, 3.3000000000000003, 3.5000000000000004, 3.6999999999999997, 3.7, 3.8000000000000003, 3.9000000000000004, 4.0, 4.0, 4.1, 4.2, 4.3, 4.3, 4.4, 4.6000000000000005, 4.6000000000000005, 4.8999999999999995, 4.9, 4.9]}]

[{'Individuals': [[0.1, 0.1, 0.9, 0.3, 0.0, 0.0, 0.5, 0.0], [0.6, 0.2, 0.5, 0.0, 0.2, 0.6, 0.1, 0.2], [0.7, 0.0, 0.4, 0.1, 0.1, 0.1, 0.7, 0.4], [0.2, 0.7, 0.7, 0.3, 0.3, 0.2, 0.2, 0.3], [0.0, 0.4, 0.9, 0.3, 0.3, 0.1, 0.9, 0.4], [0.1, 0.0, 0.3, 0.5, 0.8, 0.5, 0.6, 0.6], [0.5, 0.3, 0.2, 0.9, 0.2, 0.6, 0.5, 0.3], [0.2, 0.6, 0.5, 0.1, 0.3, 0.7, 0.7, 0.4], [0.0, 0.5, 0.7, 0.6, 0.0, 0.9, 0.4, 0.5], [0.3, 0.9, 0.5, 0.2, 0.5, 0.2, 0.1, 0.9], [0.8, 0.3, 0.3, 0.7, 0.3, 0.3, 0.3, 0.8], [0.8, 0.8, 0.7, 0.2, 0.0, 0.0, 0.9, 0.5], [1.0, 0.2, 0.7, 0.2, 0.6, 0.4, 0.8, 0.6], [0.5, 0.5, 0.9, 0.7, 0.0, 0.6, 0.9, 0.5], [0.7, 0.5, 0.1, 1.0, 0.8, 0.1, 0.7, 0.8], [0.8, 0.7, 0.1, 0.9, 0.8, 0.9, 0.3, 0.2], [0.6, 0.9, 0.0, 0.7, 0.9, 0.8, 0.8, 0.2], [0.6, 0.4, 0.5, 0.5, 0.9, 0.7, 0.6, 0.8], [0.6, 0.6, 0.7, 0.5, 0.6, 0.6, 0.9, 0.9], [0.9, 1.0, 1.0, 0.5, 0.9, 0.6, 0.0, 0.8]], 'Fitness': [1.9000000000000001, 2.4000000000000004, 2.5000000000000004, 2.9, 3.3, 3.4000000000000004, 3.5, 3.5000000000000004, 3.5999999999999996, 3.6, 3.8, 3.9, 4.5, 4.6, 4.699999999999999, 4.7, 4.9, 4.999999999999999, 5.4, 5.699999999999999]}]

[{'Individuals': [[0.0, 0.1, 0.1, 0.1, 0.2, 0.1, 0.5, 0.8], [0.5, 0.5, 0.0, 0.5, 0.2, 0.1, 0.6, 0.0], [0.3, 0.1, 0.1, 0.5, 1.0, 0.4, 0.3, 0.2], [0.4, 0.7, 0.6, 0.1, 0.4, 0.4, 0.0, 0.3], [0.3, 0.1, 0.0, 0.9, 0.2, 0.6, 0.3, 0.9], [0.5, 0.6, 0.0, 0.7, 0.6, 0.1, 0.4, 0.5], [0.6, 0.1, 0.0, 1.0, 0.8, 0.4, 0.4, 0.1], [0.6, 0.3, 0.5, 0.9, 0.2, 0.5, 0.2, 0.2], [0.3, 0.4, 0.1, 0.5, 0.5, 0.4, 1.0, 0.3], [0.5, 0.6, 0.1, 0.1, 0.8, 0.7, 0.3, 0.4], [0.4, 0.1, 0.4, 0.4, 0.2, 0.8, 0.7, 0.6], [0.7, 0.4, 0.4, 0.9, 0.4, 0.4, 0.3, 0.2], [0.6, 0.3, 0.9, 0.0, 0.7, 0.2, 0.2, 0.9], [0.2, 0.9, 0.6, 0.5, 0.4, 0.2, 0.4, 0.9], [0.0, 1.0, 0.8, 0.5, 0.8, 0.4, 0.4, 0.5], [0.3, 1.0, 0.7, 0.8, 0.4, 0.8, 0.1, 0.3], [0.5, 0.6, 0.8, 0.8, 0.6, 0.3, 0.8, 0.1], [0.4, 0.0, 0.6, 0.6, 0.9, 0.4, 0.8, 0.9], [0.9, 0.2, 0.5, 0.3, 1.0, 0.9, 0.5, 0.6], [0.5, 0.6, 0.6, 0.7, 0.8, 0.8, 1.0, 0.6]], 'Fitness': [1.9000000000000001, 2.4, 2.9, 2.9, 3.3, 3.4, 3.4, 3.4000000000000004, 3.4999999999999996, 3.5000000000000004, 3.6, 3.6999999999999997, 3.8000000000000003, 4.1000000000000005, 4.3999999999999995, 4.3999999999999995, 4.5, 4.6000000000000005, 4.9, 5.6]}]

[{'Individuals': [[0.0, 0.6, 0.1, 0.5, 0.2, 0.0, 0.7, 0.7], [0.4, 0.8, 0.3, 0.1, 0.6, 0.1, 0.2, 0.3], [0.4, 0.7, 0.2, 0.7, 0.6, 0.0, 0.1, 0.5], [0.1, 0.8, 0.6, 0.0, 0.3, 0.2, 0.8, 0.6], [0.1, 0.2, 0.4, 0.7, 0.6, 0.2, 0.6, 0.6], [1.0, 0.5, 0.3, 0.4, 0.7, 0.2, 0.2, 0.1], [0.7, 0.6, 0.8, 0.6, 0.1, 0.2, 0.1, 0.4], [0.2, 0.8, 0.4, 0.1, 0.5, 0.5, 0.0, 1.0], [0.8, 0.1, 0.7, 0.1, 0.3, 0.6, 0.8, 0.1], [0.6, 0.2, 0.1, 0.9, 0.5, 0.9, 0.1, 0.3], [0.3, 0.3, 0.7, 0.6, 0.4, 0.6, 0.6, 0.3], [0.2, 0.8, 0.3, 0.9, 0.2, 0.9, 0.3, 0.7], [0.1, 0.7, 0.7, 0.8, 0.6, 0.5, 0.5, 0.5], [0.5, 0.2, 0.7, 1.0, 0.5, 0.4, 0.5, 0.7], [0.5, 0.2, 0.1, 0.7, 0.8, 0.7, 0.8, 1.0], [1.0, 0.5, 0.9, 0.5, 0.3, 0.5, 0.6, 0.6], [0.6, 0.8, 0.3, 0.3, 1.0, 0.2, 0.9, 0.8], [1.0, 0.5, 0.8, 0.5, 0.4, 0.6, 0.6, 0.7], [0.5, 0.9, 0.9, 0.3, 0.8, 0.1, 0.7, 0.9], [0.9, 0.5, 0.8, 0.8, 1.0, 0.9, 0.9, 0.2]], 'Fitness': [2.8, 2.8000000000000003, 3.2, 3.4, 3.4000000000000004, 3.400000000000001, 3.5, 3.5, 3.5000000000000004, 3.5999999999999996, 3.8, 4.3, 4.4, 4.5, 4.8, 4.8999999999999995, 4.9, 5.1, 5.1, 6.000000000000001]}]

[{'Individuals': [[0.3, 0.3, 0.1, 0.3, 0.2, 0.4, 0.5, 0.4], [0.2, 0.7, 0.7, 0.8, 0.3, 0.1, 0.1, 0.3], [0.3, 0.1, 0.4, 0.8, 0.4, 0.4, 0.1, 0.8], [0.3, 0.0, 1.0, 0.3, 0.3, 0.6, 0.9, 0.1], [0.1, 0.8, 0.2, 0.0, 0.0, 0.6, 0.9, 0.9], [0.1, 0.8, 0.4, 0.2, 0.3, 0.5, 1.0, 0.4], [0.6, 0.8, 0.9, 1.0, 0.1, 0.0, 0.3, 0.0], [0.8, 0.8, 0.4, 0.9, 0.4, 0.1, 0.2, 0.1], [0.4, 0.9, 0.1, 0.7, 0.9, 0.4, 0.3, 0.1], [0.7, 0.7, 0.1, 0.9, 0.2, 0.7, 0.2, 0.5], [0.2, 0.4, 0.4, 0.9, 0.3, 0.9, 0.3, 0.8], [0.2, 0.4, 0.9, 0.5, 0.7, 0.6, 0.7, 0.2], [0.8, 0.2, 0.3, 0.3, 0.4, 0.7, 0.7, 0.9], [0.8, 0.2, 0.9, 0.8, 0.1, 0.4, 0.6, 0.7], [0.9, 0.8, 0.4, 0.2, 0.9, 0.5, 0.3, 0.7], [0.6, 0.5, 1.0, 0.7, 0.2, 0.7, 0.6, 0.4], [1.0, 0.9, 0.8, 0.4, 0.0, 0.4, 0.8, 0.6], [0.9, 0.0, 0.4, 0.7, 0.4, 0.7, 0.8, 1.0], [1.0, 0.9, 0.7, 0.5, 0.4, 0.7, 0.4, 0.4], [0.8, 0.6, 0.6, 0.6, 1.0, 0.6, 0.0, 0.9]], 'Fitness': [2.5, 3.1999999999999997, 3.3, 3.5, 3.5, 3.6999999999999997, 3.6999999999999997, 3.7, 3.8, 4.0, 4.199999999999999, 4.2, 4.300000000000001, 4.5, 4.7, 4.7, 4.8999999999999995, 4.8999999999999995, 5.0, 5.1000000000000005]}]

[{'Individuals': [[0.6, 0.2, 0.9, 0.0, 0.0, 0.5, 0.0, 0.3], [0.3, 0.9, 0.1, 0.4, 0.1, 0.3, 0.2, 0.2], [0.5, 0.1, 0.3, 0.2, 0.1, 0.1, 0.9, 0.6], [0.7, 0.1, 0.2, 0.3, 0.2, 0.6, 0.7, 0.8], [0.0, 0.4, 1.0, 0.5, 0.9, 0.1, 0.2, 0.9], [0.1, 0.8, 0.9, 0.9, 0.1, 0.6, 0.1, 0.5], [0.3, 0.4, 0.6, 0.6, 0.8, 0.1, 0.8, 0.4], [0.5, 0.0, 0.5, 0.5, 0.8, 0.8, 0.2, 0.9], [0.8, 0.8, 0.9, 0.3, 0.5, 0.4, 0.8, 0.4], [0.8, 0.6, 0.9, 0.4, 0.5, 0.8, 0.8, 0.7]], 'Fitness': [2.5, 2.5000000000000004, 2.8000000000000003, 3.5999999999999996, 4.0, 4.0, 4.000000000000001, 4.2, 4.9, 5.5]}]

[{'Individuals': [[0.0, 0.7, 0.3, 0.1, 0.0, 0.1, 0.5, 0.3], [0.6, 0.3, 0.1, 0.2, 0.3, 0.2, 0.0, 0.6], [0.1, 0.6, 0.4, 0.3, 0.1, 0.0, 0.7, 0.4], [0.2, 0.2, 0.1, 0.7, 0.1, 0.6, 0.1, 0.7], [0.4, 0.5, 0.4, 0.0, 0.1, 0.4, 0.5, 0.9], [0.7, 0.9, 0.5, 0.0, 0.2, 0.1, 0.3, 0.6], [0.4, 0.4, 0.5, 0.1, 0.4, 0.1, 1.0, 0.5], [0.4, 0.8, 0.6, 0.4, 0.0, 0.8, 0.1, 0.4], [0.0, 0.8, 0.3, 0.8, 0.9, 0.5, 0.2, 0.2], [0.2, 0.6, 1.0, 0.3, 0.4, 0.3, 0.5, 0.7], [0.2, 0.1, 0.1, 0.8, 1.0, 0.7, 0.5, 0.7], [0.5, 0.9, 0.3, 0.4, 0.7, 0.9, 0.3, 0.3], [0.5, 0.7, 0.6, 0.9, 0.1, 0.8, 0.3, 0.5], [0.9, 0.2, 0.6, 0.7, 0.7, 0.8, 0.1, 0.4], [0.7, 0.9, 0.5, 0.3, 0.0, 0.9, 0.8, 0.4], [0.8, 1.0, 0.6, 0.4, 0.4, 0.7, 0.7, 0.2], [1.0, 0.6, 0.6, 0.5, 0.2, 0.5, 0.9, 0.6], [0.3, 0.6, 0.8, 0.2, 0.8, 0.9, 0.9, 0.6], [0.9, 0.6, 0.9, 0.3, 0.9, 0.7, 0.4, 0.6], [0.7, 0.7, 0.0, 0.9, 0.8, 0.9, 0.6, 1.0]], 'Fitness': [2.0, 2.3, 2.6, 2.7, 3.2, 3.3000000000000003, 3.4000000000000004, 3.5, 3.7000000000000006, 4.0, 4.1000000000000005, 4.3, 4.3999999999999995, 4.4, 4.5, 4.8, 4.9, 5.1, 5.3, 5.6]}]

{'Individuals': [[0.1, 0.7, 0.6, 0.5, 0.2, 0.5, 0.7, 0.2], [0.5, 0.5, 0.5, 0.3, 0.0, 0.9, 0.8, 0.4], [0.1, 0.7, 0.6, 0.5, 0.2, 0.5, 0.9, 0.6], [0.7, 0.5, 0.3, 0.4, 0.7, 0.9, 0.3, 0.3], [0.8, 0.1, 0.6, 0.5, 0.2, 0.5, 0.9, 0.6], [0.7, 0.3, 0.6, 0.7, 0.7, 0.8, 0.1, 0.4], [0.5, 0.8, 0.6, 0.4, 0.4, 0.7, 0.7, 0.2], [0.5, 0.7, 0.6, 0.4, 0.2, 0.5, 0.9, 0.6], [0.7, 0.7, 0.6, 0.9, 0.1, 0.8, 0.3, 0.5], [1.0, 0.6, 0.6, 0.4, 0.4, 0.7, 0.7, 0.2], [0.8, 0.3, 0.9, 0.3, 0.9, 0.7, 0.4, 0.6], [0.5, 0.4, 0.6, 0.2, 0.8, 0.9, 0.9, 0.6], [0.5, 0.6, 0.1, 0.8, 1.0, 0.7, 0.5, 0.7], [0.9, 0.4, 0.9, 0.3, 0.9, 0.7, 0.4, 0.6], [0.7, 0.6, 0.9, 0.3, 0.9, 0.7, 0.4, 0.6], [0.9, 0.5, 0.9, 0.3, 0.9, 0.7, 0.4, 0.6], [0.9, 1.0, 0.6, 0.4, 0.4, 0.7, 0.8, 0.4], [0.7, 0.7, 0.0, 0.9, 0.8, 0.9, 0.6, 1.0], [0.5, 0.1, 0.9, 0.9, 0.8, 0.9, 0.6, 1.0], [0.9, 1.0, 0.8, 0.2, 0.8, 0.9, 0.9, 0.6]], 'Fitness': [3.5, 3.9, 4.1, 4.1, 4.2, 4.3, 4.3, 4.3999999999999995, 4.6, 4.6000000000000005, 4.8999999999999995, 4.8999999999999995, 4.9, 5.1, 5.1, 5.199999999999999, 5.2, 5.6, 5.7, 6.1000000000000005]}

[{'Individuals': [[1, 7, 2, 3, 6], [4, 5, 3, 1, 6], [4, 7, 3, 1, 2], [4, 2, 1, 3, 6], [7, 3, 2, 5, 6], [7, 4, 6, 5, 1], [6, 4, 3, 7, 1], [7, 6, 3, 1, 5], [2, 5, 7, 3, 4], [7, 6, 2, 1, 3], [7, 6, 4, 1, 3], [6, 4, 5, 7, 3], [6, 7, 3, 5, 4], [5, 6, 7, 3, 1], [1, 5, 7, 6, 4], [3, 5, 1, 4, 2], [5, 2, 1, 6, 7], [7, 3, 6, 5, 4], [3, 5, 7, 1, 6], [3, 6, 1, 7, 2]], 'Fitness': [3, 6, 6, 6, 8, 8, 10, 10, 10, 10, 10, 10, 10, 13, 13, 14, 14, 14, 14, 17]}]

[{'Individuals': [[1, 4, 2, 3, 5], [1, 7, 4, 5, 2], [4, 1, 5, 2, 6], [1, 7, 3, 4, 6], [2, 7, 3, 1, 6], [6, 4, 5, 2, 7], [4, 6, 1, 3, 5], [1, 4, 7, 6, 3], [7, 6, 2, 4, 3], [7, 2, 1, 3, 4], [2, 1, 7, 6, 3], [7, 5, 1, 4, 3], [3, 1, 2, 6, 5], [3, 1, 4, 6, 7], [5, 2, 3, 1, 4], [2, 6, 7, 3, 4], [4, 3, 6, 1, 7], [2, 1, 7, 6, 4], [3, 2, 1, 7, 6], [3, 4, 1, 6, 5]], 'Fitness': [3, 4, 4, 6, 7, 8, 9, 9, 10, 10, 10, 10, 11, 11, 13, 13, 13, 14, 14, 14]}]
